%YAML:1.0
---
K: !!opencv-matrix
   rows: 3
   cols: 3
   dt: d
   data: [ 1.2534162419042145e+03, 0., 9.8546060129639466e+02, 0.,
       1.2535830220139378e+03, 5.1336573078761705e+02, 0., 0., 1. ]
D: !!opencv-matrix
   rows: 1
   cols: 5
   dt: d
   data: [ -3.1736273197858966e-01, 7.7581467804358831e-02,
       -2.7154300717697646e-03, -1.9248307573059042e-03,
       -3.9178112863252875e-03 ]
